[0.00195312 0.         0.         0.         0.00195312 0.
 0.         0.         0.         0.00097656 0.         0.
 0.         0.         0.         0.         0.         0.
 0.         0.         0.         0.         0.         0.00097656
 0.         0.         0.         0.         0.         0.
 0.         0.         0.         0.         0.         0.
 0.00195312 0.         0.00097656 0.         0.00097656 0.
 0.         0.         0.         0.         0.         0.
 0.00097656 0.00195312 0.         0.         0.         0.
 0.         0.         0.         0.         0.         0.
 0.         0.         0.         0.         0.         0.
 0.         0.         0.00195312 0.         0.         0.
 0.00097656 0.         0.         0.         0.         0.
 0.00097656 0.         0.         0.         0.         0.
 0.         0.         0.         0.         0.00097656 0.
 0.         0.         0.         0.         0.         0.
 0.         0.         0.         0.         0.         0.
 0.00097656 0.         0.         0.00097656 0.         0.
 0.         0.         0.         0.         0.         0.
 0.         0.00097656 0.         0.00097656 0.         0.00097656
 0.         0.         0.         0.00097656 0.00097656 0.
 0.         0.         0.         0.         0.00195312 0.
 0.         0.         0.00195312 0.         0.         0.
 0.         0.         0.00097656 0.         0.         0.
 0.         0.         0.00097656 0.         0.         0.
 0.         0.         0.         0.00097656 0.         0.00097656
 0.         0.00097656 0.00097656 0.00097656 0.         0.
 0.         0.         0.         0.         0.         0.
 0.00097656 0.00097656 0.         0.         0.         0.
 0.00097656 0.         0.         0.         0.         0.
 0.         0.         0.         0.         0.00195312 0.
 0.         0.         0.         0.         0.         0.
 0.         0.         0.00097656 0.         0.         0.00097656
 0.         0.00097656 0.00195312 0.         0.         0.
 0.         0.         0.         0.         0.00097656 0.
 0.         0.         0.         0.         0.00097656 0.
 0.         0.00097656 0.         0.         0.         0.
 0.         0.         0.         0.00097656 0.         0.
 0.         0.         0.         0.         0.00097656 0.
 0.         0.         0.         0.         0.         0.
 0.00097656 0.         0.         0.00097656 0.         0.
 0.         0.         0.         0.00097656 0.         0.00097656
 0.         0.         0.         0.         0.00097656 0.
 0.         0.         0.         0.         0.00097656 0.
 0.00097656 0.         0.         0.         0.00097656 0.
 0.         0.00097656 0.         0.00097656 0.         0.
 0.         0.         0.         0.         0.         0.
 0.00097656 0.         0.         0.         0.         0.
 0.00097656 0.         0.00097656 0.         0.         0.
 0.         0.         0.         0.         0.         0.
 0.00097656 0.00097656 0.         0.         0.         0.
 0.         0.         0.         0.         0.         0.00097656
 0.         0.         0.00195312 0.         0.         0.
 0.         0.         0.         0.         0.         0.00097656
 0.         0.         0.00195312 0.         0.         0.
 0.         0.         0.         0.         0.00097656 0.
 0.00097656 0.         0.         0.         0.         0.
 0.         0.         0.         0.         0.         0.
 0.00097656 0.         0.         0.         0.00097656 0.
 0.00097656 0.         0.         0.00195312 0.00097656 0.
 0.         0.         0.         0.         0.         0.00097656
 0.         0.00097656 0.         0.         0.         0.
 0.         0.00097656 0.         0.         0.         0.
 0.         0.         0.00097656 0.         0.         0.
 0.         0.00097656 0.00097656 0.         0.00097656 0.
 0.00097656 0.         0.         0.         0.         0.00097656
 0.00195312 0.         0.00195312 0.         0.         0.
 0.         0.00195312 0.         0.         0.00097656 0.
 0.00097656 0.         0.         0.         0.         0.00097656
 0.         0.         0.         0.         0.         0.
 0.         0.         0.         0.         0.         0.00097656
 0.         0.         0.00097656 0.00097656 0.         0.
 0.         0.         0.         0.00097656 0.         0.00097656
 0.         0.         0.00097656 0.         0.         0.
 0.         0.         0.00097656 0.         0.         0.
 0.         0.         0.         0.00097656 0.         0.
 0.         0.         0.00097656 0.         0.         0.
 0.         0.         0.         0.         0.         0.
 0.         0.         0.         0.         0.         0.
 0.00097656 0.         0.         0.         0.00097656 0.
 0.         0.         0.00195312 0.         0.         0.
 0.         0.         0.         0.         0.         0.
 0.         0.         0.00097656 0.         0.         0.00195312
 0.         0.00097656 0.         0.         0.         0.00195312
 0.         0.         0.         0.00195312 0.00097656 0.
 0.         0.00097656 0.         0.         0.00097656 0.00097656
 0.00292969 0.00097656 0.00097656 0.         0.         0.
 0.         0.         0.         0.         0.         0.00097656
 0.         0.         0.         0.         0.         0.00097656
 0.         0.         0.         0.00097656 0.00097656 0.
 0.         0.         0.         0.         0.         0.00097656
 0.         0.         0.         0.00097656 0.         0.
 0.         0.         0.         0.         0.         0.
 0.         0.         0.00097656 0.         0.         0.
 0.00097656 0.         0.00097656 0.         0.         0.
 0.         0.         0.         0.         0.         0.
 0.         0.         0.         0.         0.         0.
 0.         0.00097656 0.         0.         0.         0.
 0.         0.         0.         0.         0.         0.00097656
 0.00097656 0.         0.         0.         0.         0.
 0.         0.         0.         0.         0.00097656 0.00097656
 0.00097656 0.         0.00195312 0.         0.00195312 0.
 0.         0.         0.         0.00097656 0.         0.
 0.00195312 0.         0.         0.         0.00097656 0.
 0.00097656 0.00097656 0.         0.00097656 0.         0.
 0.00097656 0.00097656 0.00097656 0.         0.         0.
 0.00097656 0.         0.         0.00097656 0.         0.
 0.         0.         0.         0.         0.         0.
 0.00097656 0.00097656 0.00097656 0.         0.         0.
 0.         0.         0.         0.         0.         0.
 0.00195312 0.         0.         0.         0.         0.
 0.         0.         0.         0.00097656 0.         0.
 0.         0.         0.         0.         0.00097656 0.
 0.         0.         0.         0.         0.         0.
 0.00097656 0.         0.         0.         0.00097656 0.
 0.         0.         0.         0.         0.         0.
 0.         0.         0.         0.         0.         0.
 0.00195312 0.         0.         0.         0.         0.
 0.         0.         0.         0.         0.         0.
 0.         0.         0.         0.         0.         0.
 0.         0.00097656 0.         0.00195312 0.         0.00195312
 0.         0.00097656 0.00097656 0.         0.00097656 0.
 0.         0.         0.         0.00097656 0.         0.
 0.         0.         0.         0.         0.         0.
 0.         0.00195312 0.00097656 0.         0.         0.00097656
 0.         0.00097656 0.         0.         0.         0.
 0.00097656 0.         0.         0.         0.         0.
 0.00097656 0.         0.         0.         0.         0.
 0.         0.00097656 0.         0.         0.         0.
 0.         0.00097656 0.         0.         0.00097656 0.
 0.         0.         0.         0.         0.         0.
 0.         0.         0.         0.         0.         0.
 0.00097656 0.         0.         0.         0.         0.
 0.         0.         0.         0.         0.         0.
 0.         0.         0.         0.00097656 0.         0.
 0.         0.         0.         0.         0.         0.00097656
 0.         0.         0.         0.         0.         0.00097656
 0.         0.         0.         0.         0.         0.
 0.         0.         0.         0.         0.         0.
 0.         0.         0.         0.         0.         0.00195312
 0.         0.         0.         0.00195312 0.         0.
 0.         0.         0.         0.         0.         0.00097656
 0.         0.         0.00097656 0.         0.         0.
 0.         0.         0.00097656 0.         0.         0.
 0.         0.         0.         0.         0.00097656 0.
 0.         0.00097656 0.         0.00097656 0.         0.
 0.         0.         0.00097656 0.         0.00097656 0.
 0.         0.         0.         0.         0.         0.
 0.         0.         0.         0.         0.         0.00097656
 0.         0.00097656 0.         0.         0.         0.
 0.         0.00097656 0.         0.         0.00097656 0.
 0.         0.00097656 0.         0.         0.         0.
 0.         0.         0.00097656 0.         0.         0.
 0.00097656 0.         0.         0.         0.         0.
 0.         0.         0.         0.         0.         0.
 0.         0.00097656 0.         0.         0.         0.
 0.00097656 0.         0.         0.00097656 0.         0.
 0.         0.         0.         0.         0.         0.00097656
 0.         0.         0.         0.00097656 0.00097656 0.
 0.00097656 0.         0.         0.         0.         0.
 0.         0.00097656 0.         0.00097656 0.         0.
 0.         0.         0.         0.         0.         0.
 0.         0.         0.         0.         0.00195312 0.
 0.         0.00097656 0.         0.00195312 0.00097656 0.00097656
 0.00195312 0.         0.         0.         0.00097656 0.
 0.         0.         0.         0.00097656 0.00097656 0.00097656
 0.         0.00195312 0.         0.         0.         0.00097656
 0.         0.         0.         0.         0.         0.
 0.         0.00097656 0.         0.         0.         0.
 0.         0.         0.         0.         0.00195312 0.00097656
 0.         0.00097656 0.         0.         0.         0.
 0.00097656 0.         0.00097656 0.         0.         0.
 0.         0.         0.00097656 0.         0.         0.00097656
 0.         0.         0.         0.00097656 0.00097656 0.00195312
 0.00097656 0.00097656 0.         0.         0.         0.
 0.         0.         0.         0.00097656 0.         0.
 0.00097656 0.00097656 0.         0.         0.00097656 0.
 0.         0.         0.         0.00097656 0.         0.00097656
 0.00097656 0.         0.         0.         0.         0.
 0.         0.         0.         0.         0.         0.00097656
 0.         0.         0.00097656 0.         0.         0.
 0.00097656 0.         0.         0.         0.00097656 0.
 0.         0.00097656 0.         0.         0.         0.
 0.         0.         0.         0.         0.         0.
 0.         0.00097656 0.         0.         0.         0.
 0.         0.         0.         0.         0.         0.
 0.         0.00097656 0.00195312 0.         0.00097656 0.00097656
 0.         0.         0.00097656 0.         0.         0.
 0.         0.         0.         0.         0.         0.00097656
 0.         0.         0.         0.         0.         0.00097656
 0.         0.         0.         0.         0.         0.
 0.         0.         0.         0.         0.         0.00097656
 0.         0.         0.         0.         0.         0.
 0.         0.         0.00097656 0.         0.00097656 0.00097656
 0.         0.         0.00097656 0.         0.         0.
 0.         0.00097656 0.         0.00097656 0.00097656 0.
 0.         0.00097656 0.         0.00097656 0.         0.
 0.         0.         0.         0.00097656 0.         0.
 0.         0.         0.         0.         0.         0.
 0.         0.         0.         0.00097656 0.         0.
 0.         0.         0.         0.         0.         0.
 0.00097656 0.         0.         0.         0.         0.00097656
 0.         0.         0.         0.         0.00097656 0.00097656
 0.         0.         0.         0.         0.         0.
 0.         0.         0.         0.         0.         0.
 0.         0.         0.00195312 0.00097656 0.         0.00097656
 0.         0.         0.         0.00097656 0.         0.
 0.00097656 0.         0.         0.         0.         0.
 0.         0.         0.         0.00097656 0.         0.
 0.         0.         0.         0.00097656 0.00292969 0.
 0.         0.         0.00097656 0.00097656 0.00097656 0.00097656
 0.         0.         0.         0.         0.         0.00097656
 0.00097656 0.         0.         0.         0.         0.
 0.         0.         0.         0.00195312 0.         0.
 0.         0.         0.         0.         0.         0.
 0.         0.         0.         0.         0.         0.00097656
 0.00097656 0.         0.         0.00097656 0.00097656 0.00097656
 0.         0.         0.         0.         0.         0.
 0.         0.         0.         0.         0.00097656 0.
 0.         0.         0.         0.00195312 0.00097656 0.00097656
 0.         0.         0.00097656 0.         0.         0.00097656
 0.         0.         0.00097656 0.         0.         0.
 0.00195312 0.         0.         0.         0.         0.
 0.00097656 0.         0.         0.         0.         0.
 0.         0.00097656 0.         0.         0.         0.
 0.         0.         0.00097656 0.         0.         0.00097656
 0.         0.         0.         0.         0.00097656 0.
 0.         0.         0.         0.         0.         0.
 0.         0.         0.         0.         0.         0.00097656
 0.         0.         0.         0.00097656 0.         0.
 0.         0.         0.         0.         0.         0.
 0.         0.00097656 0.         0.         0.00195312 0.00097656
 0.00097656 0.         0.00097656 0.         0.         0.
 0.         0.         0.         0.         0.         0.
 0.         0.00097656 0.         0.         0.00097656 0.
 0.         0.         0.         0.         0.         0.
 0.         0.00097656 0.         0.         0.         0.
 0.         0.00097656 0.         0.         0.         0.
 0.         0.         0.00097656 0.         0.         0.
 0.         0.         0.         0.         0.         0.00097656
 0.         0.         0.         0.         0.00097656 0.
 0.         0.         0.00195312 0.         0.         0.00097656
 0.         0.         0.00097656 0.         0.00097656 0.
 0.         0.         0.         0.00097656 0.         0.
 0.00097656 0.         0.         0.00097656 0.         0.
 0.         0.00097656 0.         0.         0.         0.
 0.00097656 0.         0.         0.         0.00097656 0.
 0.         0.         0.         0.00097656 0.         0.
 0.         0.         0.         0.00097656 0.         0.
 0.         0.         0.         0.         0.         0.
 0.         0.         0.00097656 0.00097656 0.00195312 0.
 0.         0.         0.00195312 0.00097656 0.         0.
 0.00097656 0.         0.         0.         0.         0.
 0.         0.         0.         0.         0.         0.
 0.         0.         0.         0.         0.         0.
 0.         0.         0.         0.         0.         0.
 0.         0.         0.         0.00097656 0.         0.
 0.         0.         0.         0.         0.         0.
 0.00097656 0.         0.00097656 0.         0.         0.
 0.         0.         0.         0.         0.         0.
 0.         0.         0.         0.         0.         0.
 0.         0.         0.         0.         0.00097656 0.00097656
 0.         0.00097656 0.00097656 0.         0.00195312 0.
 0.         0.         0.         0.         0.00097656 0.
 0.00097656 0.00097656 0.         0.         0.         0.
 0.00097656 0.         0.00097656 0.         0.00097656 0.
 0.00097656 0.         0.         0.         0.         0.00097656
 0.         0.00097656 0.         0.         0.         0.
 0.         0.         0.00195312 0.         0.00097656 0.
 0.         0.         0.         0.         0.00097656 0.
 0.00097656 0.         0.00097656 0.         0.         0.
 0.         0.         0.         0.         0.         0.
 0.         0.00097656 0.00097656 0.00097656 0.         0.
 0.         0.00097656 0.         0.         0.         0.
 0.         0.         0.         0.00097656 0.00195312 0.00097656
 0.         0.00097656 0.         0.         0.         0.
 0.         0.         0.         0.00097656 0.         0.
 0.         0.         0.         0.         0.         0.
 0.         0.         0.00097656 0.         0.         0.00097656
 0.         0.         0.         0.         0.00097656 0.
 0.         0.         0.         0.         0.         0.00097656
 0.         0.         0.         0.         0.         0.00097656
 0.         0.         0.         0.         0.         0.
 0.         0.         0.         0.         0.         0.
 0.00097656 0.         0.00097656 0.00097656 0.         0.
 0.00097656 0.         0.         0.         0.         0.
 0.00097656 0.         0.         0.         0.         0.
 0.         0.00097656 0.         0.         0.00097656 0.
 0.         0.00097656 0.         0.         0.         0.
 0.         0.         0.         0.         0.         0.
 0.         0.00097656 0.         0.         0.         0.
 0.         0.00195312 0.         0.         0.00097656 0.00097656
 0.         0.         0.         0.         0.00097656 0.00195312
 0.         0.00097656 0.         0.         0.         0.
 0.00195312 0.         0.00195312 0.         0.00097656 0.
 0.         0.         0.         0.         0.00097656 0.00097656
 0.00097656 0.         0.         0.00097656 0.         0.
 0.         0.         0.         0.         0.         0.00097656
 0.         0.         0.         0.         0.         0.
 0.         0.         0.         0.00097656 0.         0.00097656
 0.         0.         0.         0.00097656 0.         0.
 0.         0.         0.         0.00097656 0.         0.
 0.         0.         0.         0.00097656 0.         0.00097656
 0.         0.00097656 0.00097656 0.         0.         0.
 0.         0.         0.         0.         0.00097656 0.
 0.00097656 0.         0.         0.         0.         0.00097656
 0.         0.         0.         0.         0.00097656 0.
 0.         0.00195312 0.         0.         0.         0.00097656
 0.         0.         0.         0.         0.         0.
 0.00097656 0.00097656 0.         0.         0.         0.
 0.         0.00097656 0.         0.         0.00097656 0.
 0.         0.         0.         0.         0.         0.
 0.         0.         0.         0.         0.00097656 0.
 0.         0.         0.         0.         0.00097656 0.
 0.         0.         0.         0.         0.00097656 0.
 0.         0.         0.         0.         0.         0.
 0.         0.         0.         0.00097656 0.         0.
 0.         0.         0.         0.00097656 0.         0.
 0.         0.         0.         0.         0.00097656 0.
 0.         0.         0.         0.         0.         0.00097656
 0.         0.         0.00097656 0.00097656 0.00097656 0.
 0.00097656 0.         0.         0.         0.         0.
 0.         0.         0.         0.00097656 0.00097656 0.
 0.         0.         0.00097656 0.00195312 0.         0.00195312
 0.         0.         0.         0.         0.00097656 0.00195312
 0.         0.         0.         0.00097656 0.00097656 0.
 0.         0.         0.00097656 0.         0.         0.
 0.         0.00097656 0.         0.         0.00097656 0.
 0.         0.         0.         0.         0.         0.
 0.         0.         0.         0.         0.         0.
 0.         0.         0.00097656 0.         0.         0.
 0.         0.         0.00097656 0.         0.         0.
 0.         0.         0.         0.         0.         0.
 0.00097656 0.         0.         0.         0.         0.
 0.         0.         0.         0.         0.00097656 0.
 0.00195312 0.         0.         0.         0.         0.
 0.         0.         0.         0.         0.         0.00097656
 0.         0.         0.         0.00195312 0.00097656 0.
 0.         0.         0.00097656 0.00097656 0.         0.
 0.00097656 0.         0.         0.         0.         0.
 0.         0.         0.         0.00195312 0.         0.
 0.         0.         0.00097656 0.         0.         0.
 0.         0.         0.         0.         0.         0.
 0.         0.         0.         0.         0.         0.
 0.00097656 0.         0.         0.         0.         0.
 0.         0.         0.         0.         0.         0.00097656
 0.00097656 0.         0.00097656 0.         0.         0.
 0.         0.         0.         0.         0.00097656 0.
 0.         0.00097656 0.         0.         0.00097656 0.
 0.         0.         0.         0.00097656 0.         0.
 0.00097656 0.         0.         0.         0.         0.
 0.         0.         0.         0.         0.00097656 0.00097656
 0.         0.         0.         0.         0.00097656 0.
 0.         0.         0.         0.         0.         0.
 0.00195312 0.         0.00097656 0.         0.         0.00195312
 0.         0.         0.         0.         0.         0.00097656
 0.00097656 0.00097656 0.         0.         0.         0.
 0.         0.         0.00097656 0.         0.         0.
 0.00097656 0.         0.         0.         0.00097656 0.
 0.         0.00097656 0.         0.         0.         0.
 0.         0.         0.00097656 0.         0.         0.00097656
 0.         0.         0.         0.         0.         0.
 0.         0.00097656 0.         0.         0.         0.
 0.         0.         0.         0.00097656 0.00097656 0.
 0.         0.         0.         0.         0.         0.
 0.         0.         0.         0.         0.         0.00097656
 0.         0.00097656 0.         0.         0.         0.00097656
 0.00097656 0.         0.         0.         0.         0.
 0.         0.         0.         0.         0.00195312 0.
 0.00097656 0.         0.         0.         0.00097656 0.
 0.00097656 0.00097656 0.00097656 0.         0.         0.
 0.00097656 0.         0.         0.         0.         0.
 0.         0.00195312 0.         0.         0.00097656 0.
 0.         0.         0.         0.00097656 0.         0.
 0.00195312 0.         0.         0.         0.         0.00097656
 0.         0.         0.00097656 0.         0.         0.00097656
 0.00097656 0.00097656 0.         0.         0.         0.
 0.00097656 0.00097656 0.         0.         0.         0.
 0.         0.         0.         0.         0.         0.00097656
 0.         0.         0.         0.         0.00097656 0.
 0.         0.         0.         0.         0.         0.
 0.00195312 0.00097656 0.         0.         0.         0.00097656
 0.         0.         0.         0.00097656 0.         0.
 0.         0.         0.         0.         0.         0.
 0.         0.         0.00097656 0.00195312 0.         0.
 0.00097656 0.         0.         0.         0.         0.
 0.00195312 0.         0.         0.00097656 0.         0.
 0.00097656 0.         0.         0.         0.         0.
 0.         0.         0.00195312 0.00195312 0.         0.
 0.         0.         0.         0.00097656 0.         0.
 0.         0.00097656 0.         0.         0.         0.
 0.         0.         0.         0.         0.         0.00097656
 0.         0.00097656 0.         0.         0.00097656 0.
 0.         0.         0.         0.         0.         0.00097656
 0.00097656 0.00097656 0.         0.00097656 0.00097656 0.
 0.         0.00097656 0.00097656 0.         0.         0.
 0.         0.00097656 0.         0.         0.00097656 0.00097656
 0.         0.         0.00097656 0.         0.         0.
 0.         0.         0.         0.00097656 0.00097656 0.00097656
 0.         0.         0.         0.         0.         0.
 0.         0.         0.00097656 0.         0.         0.
 0.         0.         0.         0.         0.00097656 0.
 0.         0.         0.         0.         0.00097656 0.
 0.         0.         0.         0.00097656 0.00097656 0.00097656
 0.         0.         0.00097656 0.         0.         0.
 0.         0.         0.         0.         0.00097656 0.
 0.00097656 0.         0.         0.         0.00097656 0.
 0.         0.         0.         0.00097656 0.         0.
 0.         0.         0.         0.00097656 0.         0.
 0.         0.         0.         0.         0.         0.
 0.         0.         0.         0.         0.00195312 0.
 0.00097656 0.         0.         0.         0.         0.
 0.         0.         0.00097656 0.         0.         0.
 0.00195312 0.         0.         0.         0.00195312 0.00097656
 0.         0.         0.00097656 0.         0.         0.
 0.         0.         0.         0.         0.         0.
 0.         0.00097656 0.         0.00097656 0.         0.
 0.         0.         0.         0.00097656 0.         0.
 0.         0.         0.         0.         0.         0.
 0.         0.         0.         0.         0.         0.00097656
 0.         0.00097656 0.         0.00097656 0.         0.
 0.         0.         0.00097656 0.00097656 0.         0.
 0.         0.         0.         0.         0.00097656 0.
 0.         0.         0.         0.         0.         0.00097656
 0.         0.         0.         0.         0.         0.
 0.00097656 0.00097656 0.         0.         0.         0.
 0.         0.         0.         0.         0.00097656 0.
 0.         0.00097656 0.00097656 0.00097656 0.         0.00195312
 0.00097656 0.         0.00097656 0.00097656 0.         0.00097656
 0.         0.00097656 0.00195312 0.         0.         0.
 0.         0.00195312 0.00097656 0.         0.         0.
 0.         0.         0.         0.         0.00097656 0.
 0.         0.         0.         0.         0.         0.00195312
 0.         0.00195312 0.         0.         0.00195312 0.
 0.         0.         0.         0.         0.00097656 0.
 0.         0.         0.         0.         0.00097656 0.
 0.00097656 0.         0.         0.         0.         0.
 0.         0.         0.         0.         0.         0.
 0.         0.         0.         0.         0.         0.
 0.         0.         0.         0.00097656 0.         0.
 0.00097656 0.         0.         0.00097656 0.00195312 0.00097656
 0.         0.00097656 0.         0.00097656 0.         0.
 0.         0.         0.         0.         0.         0.
 0.         0.         0.         0.         0.         0.
 0.         0.         0.00097656 0.00097656 0.         0.
 0.         0.         0.00195312 0.         0.         0.00097656
 0.00097656 0.00097656 0.00097656 0.         0.         0.00097656
 0.         0.         0.         0.         0.         0.00097656
 0.         0.         0.         0.         0.         0.
 0.         0.         0.         0.         0.         0.
 0.00097656 0.00097656 0.         0.         0.         0.
 0.00097656 0.         0.         0.         0.         0.
 0.         0.         0.         0.         0.         0.
 0.         0.00097656 0.         0.         0.         0.
 0.00097656 0.00195312 0.         0.         0.         0.00097656
 0.         0.         0.00097656 0.         0.00097656 0.
 0.00097656 0.         0.         0.         0.00097656 0.
 0.         0.         0.         0.00097656 0.00097656 0.
 0.         0.         0.         0.         0.         0.
 0.         0.00097656 0.         0.00097656 0.         0.
 0.         0.         0.         0.         0.00097656 0.
 0.         0.         0.         0.         0.         0.
 0.         0.         0.         0.         0.         0.00097656
 0.         0.         0.         0.         0.         0.
 0.00097656 0.         0.         0.00097656 0.00097656 0.
 0.         0.         0.         0.         0.00097656 0.
 0.         0.         0.00097656 0.         0.00097656 0.
 0.         0.         0.         0.         0.         0.
 0.         0.         0.         0.         0.         0.00097656
 0.         0.00097656 0.         0.         0.00292969 0.00097656
 0.         0.         0.         0.         0.         0.
 0.00097656 0.         0.         0.00097656 0.00097656 0.
 0.         0.         0.         0.         0.         0.
 0.         0.         0.         0.         0.00097656 0.00097656
 0.00195312 0.         0.00097656 0.         0.         0.
 0.         0.         0.         0.00097656 0.         0.
 0.         0.         0.         0.         0.         0.00097656
 0.         0.00097656 0.         0.         0.         0.
 0.00097656 0.         0.00097656 0.00097656 0.         0.
 0.00097656 0.         0.00097656 0.         0.00097656 0.
 0.         0.         0.00195312 0.         0.         0.
 0.00097656 0.         0.         0.         0.00097656 0.
 0.         0.         0.         0.         0.         0.00097656
 0.         0.         0.         0.         0.         0.00097656
 0.         0.         0.         0.         0.         0.
 0.         0.         0.         0.         0.00097656 0.00097656
 0.00097656 0.         0.         0.         0.         0.
 0.         0.         0.         0.00097656 0.         0.
 0.00097656 0.         0.00097656 0.         0.00097656 0.
 0.         0.         0.         0.         0.00097656 0.
 0.         0.         0.         0.         0.         0.00097656
 0.         0.         0.         0.         0.         0.
 0.         0.         0.         0.         0.         0.
 0.00097656 0.         0.         0.         0.         0.
 0.00097656 0.         0.         0.         0.00097656 0.
 0.         0.         0.         0.         0.         0.
 0.         0.         0.         0.         0.         0.
 0.00097656 0.00097656 0.         0.         0.         0.
 0.00097656 0.00097656 0.         0.00097656 0.00097656 0.00097656
 0.         0.         0.         0.00097656 0.         0.
 0.         0.00097656 0.         0.         0.         0.
 0.00097656 0.         0.         0.         0.         0.
 0.         0.         0.         0.         0.         0.
 0.         0.         0.         0.         0.         0.00097656
 0.         0.00097656 0.00097656 0.00097656 0.         0.
 0.00097656 0.         0.         0.00097656 0.         0.
 0.         0.00097656 0.         0.         0.         0.
 0.00097656 0.00097656 0.         0.         0.         0.00097656
 0.         0.00097656 0.         0.         0.         0.
 0.         0.00195312 0.00097656 0.00097656 0.00097656 0.
 0.00097656 0.         0.         0.         0.         0.
 0.00097656 0.         0.00195312 0.00097656 0.         0.
 0.         0.         0.         0.         0.         0.
 0.         0.         0.         0.         0.         0.
 0.         0.         0.         0.         0.00097656 0.
 0.00097656 0.00292969 0.         0.         0.         0.00097656
 0.         0.         0.         0.         0.         0.00097656
 0.         0.         0.         0.         0.         0.
 0.         0.         0.00195312 0.         0.         0.
 0.         0.         0.00097656 0.         0.         0.00195312
 0.         0.         0.00097656 0.         0.         0.
 0.00097656 0.00097656 0.         0.         0.         0.00097656
 0.00097656 0.         0.         0.         0.         0.
 0.         0.         0.         0.         0.         0.00097656
 0.         0.         0.00195312 0.         0.00097656 0.
 0.00097656 0.         0.00097656 0.         0.         0.
 0.         0.00097656 0.00097656 0.         0.         0.
 0.         0.00097656 0.00097656 0.         0.         0.
 0.00097656 0.         0.         0.         0.         0.
 0.00097656 0.         0.         0.         0.         0.
 0.00097656 0.         0.         0.         0.         0.
 0.00097656 0.00097656 0.         0.         0.         0.00097656
 0.00097656 0.         0.         0.         0.         0.
 0.         0.         0.         0.         0.00097656 0.00097656
 0.         0.         0.         0.         0.         0.
 0.         0.         0.         0.         0.00097656 0.
 0.         0.00097656 0.00097656 0.00097656 0.00097656 0.
 0.         0.         0.         0.         0.         0.
 0.         0.         0.00097656 0.         0.         0.
 0.         0.         0.         0.         0.         0.
 0.         0.         0.         0.         0.         0.
 0.         0.         0.         0.         0.         0.
 0.         0.         0.         0.         0.         0.
 0.         0.         0.         0.         0.         0.
 0.         0.00195312 0.         0.00097656 0.         0.00097656
 0.00097656 0.00195312 0.         0.         0.         0.00097656
 0.         0.         0.00097656 0.         0.         0.
 0.         0.00097656 0.         0.00097656 0.00097656 0.
 0.00097656 0.         0.         0.         0.         0.
 0.         0.         0.         0.         0.         0.
 0.         0.         0.         0.         0.         0.
 0.         0.00195312 0.         0.         0.         0.
 0.00097656 0.         0.         0.         0.         0.
 0.         0.         0.         0.         0.00097656 0.
 0.         0.00097656 0.         0.         0.00097656 0.
 0.         0.         0.         0.         0.00097656 0.
 0.00097656 0.         0.         0.         0.         0.
 0.         0.         0.         0.         0.00097656 0.00195312
 0.         0.00097656 0.         0.         0.00097656 0.00097656
 0.         0.         0.         0.00097656 0.         0.
 0.         0.         0.         0.         0.00097656 0.
 0.         0.         0.         0.         0.         0.
 0.00097656 0.         0.         0.00097656 0.         0.
 0.         0.         0.         0.         0.         0.
 0.         0.00097656 0.         0.         0.         0.00097656
 0.00097656 0.         0.         0.         0.         0.
 0.         0.         0.         0.         0.         0.
 0.00097656 0.         0.         0.         0.         0.
 0.         0.         0.         0.         0.         0.
 0.         0.         0.         0.00097656 0.         0.
 0.         0.         0.         0.         0.         0.
 0.         0.         0.00195312 0.00097656 0.         0.
 0.         0.         0.         0.         0.         0.00097656
 0.         0.00097656 0.         0.         0.         0.
 0.00097656 0.00292969 0.         0.00097656 0.         0.00097656
 0.         0.00097656 0.         0.         0.         0.
 0.         0.00292969 0.         0.         0.         0.
 0.00097656 0.         0.         0.         0.         0.
 0.         0.         0.         0.         0.         0.
 0.         0.         0.00097656 0.         0.         0.
 0.         0.         0.         0.         0.         0.
 0.         0.         0.00097656 0.         0.         0.
 0.         0.         0.00097656 0.00097656 0.         0.00097656
 0.         0.         0.         0.         0.         0.00097656
 0.00097656 0.00097656 0.         0.         0.         0.
 0.         0.         0.         0.         0.00097656 0.
 0.00097656 0.         0.         0.         0.         0.
 0.00097656 0.         0.         0.         0.00097656 0.
 0.         0.         0.         0.         0.         0.
 0.         0.00097656 0.         0.         0.         0.
 0.         0.         0.         0.00097656 0.         0.00097656
 0.         0.         0.         0.00097656 0.00097656 0.
 0.00097656 0.00097656 0.00097656 0.         0.         0.
 0.         0.00097656 0.         0.         0.         0.
 0.00097656 0.         0.         0.         0.         0.00097656
 0.         0.         0.00097656 0.00097656 0.00195312 0.
 0.         0.         0.00097656 0.         0.         0.
 0.         0.00097656 0.00195312 0.         0.00097656 0.
 0.00097656 0.00097656 0.         0.         0.         0.
 0.00097656 0.         0.         0.00097656 0.         0.00097656
 0.         0.         0.         0.         0.         0.
 0.         0.00097656 0.         0.00097656 0.         0.
 0.         0.         0.         0.         0.         0.
 0.00097656 0.         0.00097656 0.         0.00097656 0.00097656
 0.         0.         0.00097656 0.         0.         0.
 0.         0.00097656 0.         0.         0.         0.00097656
 0.         0.         0.         0.         0.         0.00097656
 0.         0.         0.         0.         0.00097656 0.
 0.00097656 0.         0.         0.         0.         0.
 0.         0.         0.         0.00097656 0.         0.00097656
 0.         0.         0.         0.         0.00195312 0.00097656
 0.00195312 0.         0.         0.         0.         0.
 0.         0.         0.         0.         0.         0.
 0.         0.         0.         0.         0.00097656 0.00195312
 0.         0.         0.         0.         0.         0.00097656
 0.         0.         0.         0.         0.         0.00097656
 0.         0.00195312 0.         0.00097656 0.         0.
 0.         0.00097656 0.         0.00195312 0.         0.
 0.         0.         0.         0.         0.         0.
 0.00097656 0.00097656 0.00097656 0.00097656 0.         0.
 0.00097656 0.         0.         0.         0.         0.00097656
 0.00097656 0.         0.         0.         0.         0.00097656
 0.         0.00097656 0.         0.         0.         0.
 0.00097656 0.         0.00097656 0.         0.         0.
 0.         0.         0.         0.         0.00097656 0.
 0.         0.         0.00097656 0.         0.         0.00097656
 0.         0.         0.         0.         0.00097656 0.
 0.         0.         0.         0.00097656 0.         0.
 0.         0.         0.         0.00097656 0.         0.
 0.         0.         0.         0.         0.         0.
 0.         0.00097656 0.         0.         0.00097656 0.
 0.         0.00195312 0.         0.         0.         0.
 0.00097656 0.         0.         0.         0.         0.
 0.         0.         0.         0.         0.         0.
 0.         0.         0.         0.         0.         0.
 0.00195312 0.         0.         0.00097656 0.         0.
 0.         0.00195312 0.         0.00097656 0.         0.00097656
 0.         0.         0.00097656 0.         0.         0.00097656
 0.         0.         0.         0.00097656 0.         0.
 0.00097656 0.         0.         0.         0.         0.00097656
 0.         0.         0.         0.00097656 0.00097656 0.
 0.         0.00097656 0.         0.00097656 0.         0.00097656
 0.00097656 0.         0.00097656 0.         0.         0.
 0.         0.         0.         0.         0.         0.00097656
 0.00097656 0.         0.         0.         0.         0.
 0.         0.00097656 0.         0.         0.         0.
 0.         0.00097656 0.         0.         0.         0.00097656
 0.         0.         0.00097656 0.         0.         0.
 0.00292969 0.         0.00097656 0.00097656 0.         0.
 0.         0.         0.         0.00097656 0.         0.00097656
 0.         0.         0.         0.00195312 0.         0.
 0.00097656 0.         0.00097656 0.00097656 0.00097656 0.
 0.         0.         0.         0.         0.         0.00097656
 0.         0.         0.         0.00097656 0.         0.
 0.         0.         0.         0.         0.         0.
 0.00097656 0.         0.         0.         0.         0.00195312
 0.         0.         0.00195312 0.         0.         0.
 0.         0.         0.         0.         0.         0.
 0.         0.00097656 0.         0.00195312 0.         0.00195312
 0.00195312 0.00097656 0.         0.00097656 0.         0.
 0.         0.         0.         0.00097656 0.         0.
 0.         0.00097656 0.         0.00097656 0.         0.
 0.         0.         0.         0.         0.         0.
 0.         0.         0.00097656 0.00097656 0.         0.
 0.         0.         0.         0.         0.         0.00097656
 0.         0.         0.         0.         0.         0.
 0.         0.         0.         0.         0.         0.
 0.00097656 0.         0.00195312 0.         0.         0.
 0.         0.00097656 0.         0.         0.         0.
 0.         0.00097656 0.         0.         0.         0.
 0.         0.         0.         0.         0.         0.00097656
 0.00097656 0.         0.         0.         0.         0.
 0.00097656 0.         0.00097656 0.         0.         0.
 0.         0.         0.         0.         0.         0.
 0.         0.         0.00097656 0.00097656 0.00097656 0.
 0.         0.         0.         0.         0.         0.00195312
 0.00097656 0.00097656 0.         0.         0.         0.
 0.         0.00097656 0.         0.         0.         0.
 0.         0.         0.00097656 0.         0.         0.
 0.         0.         0.         0.         0.         0.00097656
 0.00097656 0.         0.         0.00097656 0.         0.
 0.         0.         0.         0.         0.         0.00097656
 0.00195312 0.         0.         0.        ]

 used jobs: [(0, 0, 1, 2, 1, 3), (1, 0, 0, 2, 0, 1)]
 timesteps: 3
 one timestep in seconds: 10
 optimal parameters: [[0.43843381856801966, 0.36604665009967585], [0.3012270288754793, 0.8058051349772035]]
 optimizer: AdamOptimizer
 executions/Zugriffe: 1206

backend: Qiskit PennyLane plugin
Short name: qiskit.ibmq
Package: pennylane_qiskit
Plugin version: 0.15.0
Author: Xanadu
Wires: 12
Shots: 1024