[0.003 0.    0.001 0.    0.    0.    0.    0.001 0.    0.    0.    0.
 0.    0.    0.    0.    0.    0.    0.    0.    0.    0.    0.    0.001
 0.    0.    0.    0.    0.    0.    0.    0.    0.    0.    0.    0.
 0.    0.    0.    0.    0.    0.    0.    0.    0.    0.    0.    0.
 0.    0.    0.    0.    0.    0.    0.    0.    0.    0.    0.    0.
 0.    0.    0.    0.    0.    0.    0.    0.    0.    0.001 0.    0.
 0.    0.    0.    0.    0.    0.    0.    0.    0.    0.    0.    0.
 0.    0.    0.    0.    0.    0.001 0.    0.    0.    0.    0.    0.
 0.    0.    0.    0.    0.    0.    0.    0.    0.    0.    0.    0.
 0.    0.002 0.    0.    0.    0.    0.    0.    0.    0.    0.001 0.
 0.    0.    0.    0.    0.    0.    0.    0.    0.    0.001 0.    0.
 0.    0.    0.    0.    0.    0.    0.    0.001 0.    0.    0.    0.
 0.    0.    0.    0.    0.    0.    0.    0.    0.    0.    0.    0.
 0.    0.    0.    0.    0.    0.    0.    0.    0.    0.    0.    0.
 0.    0.    0.    0.    0.    0.    0.001 0.    0.    0.    0.    0.
 0.    0.    0.001 0.    0.    0.    0.    0.    0.    0.    0.    0.001
 0.    0.001 0.    0.001 0.    0.    0.    0.001 0.001 0.    0.    0.
 0.    0.    0.    0.    0.    0.    0.    0.    0.    0.    0.    0.002
 0.001 0.    0.    0.    0.002 0.    0.    0.    0.    0.    0.    0.
 0.    0.    0.    0.    0.    0.    0.    0.001 0.    0.    0.    0.
 0.    0.    0.    0.    0.    0.    0.    0.    0.    0.    0.001 0.
 0.    0.    0.    0.    0.    0.    0.    0.    0.    0.    0.    0.
 0.    0.    0.    0.    0.001 0.    0.    0.    0.    0.    0.    0.
 0.    0.    0.    0.    0.    0.    0.    0.    0.    0.    0.    0.
 0.    0.    0.    0.    0.    0.    0.    0.    0.    0.    0.    0.
 0.    0.    0.    0.    0.    0.    0.    0.    0.    0.    0.    0.
 0.    0.    0.    0.    0.    0.    0.    0.    0.    0.    0.    0.
 0.001 0.    0.    0.001 0.001 0.    0.    0.    0.    0.001 0.    0.
 0.    0.    0.    0.001 0.    0.    0.    0.    0.    0.    0.    0.
 0.001 0.    0.    0.    0.    0.    0.    0.    0.    0.    0.    0.
 0.    0.    0.    0.    0.    0.    0.    0.    0.    0.    0.    0.
 0.    0.    0.    0.    0.    0.    0.    0.    0.    0.    0.    0.
 0.    0.    0.    0.    0.    0.    0.    0.    0.    0.001 0.    0.
 0.    0.    0.001 0.    0.    0.    0.    0.001 0.    0.    0.    0.
 0.    0.    0.001 0.    0.    0.001 0.    0.    0.    0.    0.    0.
 0.    0.    0.    0.    0.    0.    0.    0.    0.    0.    0.    0.
 0.    0.    0.    0.    0.    0.    0.    0.    0.    0.    0.    0.
 0.    0.    0.    0.    0.    0.    0.    0.001 0.    0.002 0.    0.
 0.    0.001 0.    0.    0.001 0.    0.    0.002 0.    0.    0.    0.
 0.    0.    0.    0.    0.    0.    0.    0.    0.    0.    0.    0.
 0.    0.    0.    0.    0.001 0.    0.    0.001 0.    0.    0.    0.
 0.    0.    0.    0.    0.    0.    0.    0.    0.    0.    0.    0.
 0.    0.    0.    0.001 0.    0.001 0.    0.    0.    0.    0.    0.
 0.    0.    0.001 0.    0.    0.    0.    0.    0.    0.    0.    0.
 0.    0.    0.    0.    0.    0.    0.    0.    0.    0.    0.    0.
 0.    0.    0.    0.    0.    0.    0.    0.    0.    0.    0.    0.
 0.    0.    0.    0.    0.    0.    0.    0.    0.    0.    0.    0.
 0.    0.    0.    0.    0.    0.    0.    0.    0.    0.    0.    0.
 0.    0.    0.    0.001 0.    0.    0.    0.    0.    0.    0.    0.
 0.001 0.003 0.    0.    0.    0.    0.001 0.    0.    0.    0.    0.
 0.    0.    0.    0.    0.001 0.    0.    0.    0.    0.    0.    0.
 0.001 0.    0.    0.    0.    0.    0.    0.    0.    0.    0.    0.
 0.    0.    0.    0.    0.    0.    0.    0.    0.    0.    0.    0.
 0.    0.    0.    0.    0.    0.    0.    0.    0.001 0.001 0.001 0.
 0.    0.    0.    0.    0.    0.    0.    0.    0.    0.    0.    0.
 0.    0.    0.    0.    0.    0.    0.    0.    0.    0.    0.    0.
 0.    0.    0.    0.001 0.    0.    0.    0.    0.    0.    0.    0.
 0.001 0.    0.    0.001 0.    0.    0.    0.    0.    0.    0.    0.
 0.    0.    0.    0.    0.    0.    0.    0.    0.    0.001 0.    0.
 0.    0.    0.    0.    0.    0.    0.001 0.    0.    0.    0.    0.001
 0.    0.    0.    0.    0.    0.    0.    0.    0.    0.001 0.    0.
 0.001 0.    0.    0.    0.    0.    0.    0.    0.001 0.    0.    0.
 0.    0.    0.    0.    0.    0.    0.001 0.    0.    0.    0.001 0.
 0.    0.    0.    0.    0.    0.001 0.001 0.    0.001 0.    0.    0.
 0.    0.    0.    0.    0.    0.001 0.    0.    0.    0.    0.    0.
 0.    0.001 0.    0.    0.    0.    0.001 0.    0.    0.    0.    0.
 0.    0.    0.    0.    0.    0.    0.001 0.    0.    0.    0.    0.001
 0.    0.    0.    0.    0.    0.    0.    0.    0.    0.    0.    0.
 0.    0.    0.    0.    0.    0.    0.    0.    0.    0.    0.    0.
 0.    0.    0.    0.    0.    0.    0.    0.    0.    0.    0.    0.
 0.001 0.    0.    0.001 0.001 0.    0.001 0.    0.    0.    0.    0.
 0.    0.    0.    0.001 0.001 0.    0.    0.    0.    0.    0.    0.
 0.    0.    0.    0.    0.    0.    0.    0.    0.    0.    0.    0.
 0.001 0.    0.001 0.    0.    0.    0.    0.    0.    0.    0.    0.
 0.    0.    0.    0.    0.    0.    0.    0.    0.    0.    0.    0.
 0.    0.    0.    0.    0.001 0.    0.    0.    0.    0.001 0.    0.
 0.001 0.    0.    0.    0.    0.    0.    0.    0.    0.    0.    0.
 0.    0.    0.001 0.    0.    0.    0.    0.    0.    0.    0.    0.
 0.001 0.    0.    0.    0.    0.    0.    0.    0.    0.    0.    0.
 0.    0.    0.001 0.    0.    0.    0.    0.    0.    0.    0.    0.
 0.    0.    0.001 0.001 0.    0.    0.001 0.    0.    0.    0.    0.
 0.    0.    0.    0.    0.001 0.    0.    0.001 0.001 0.    0.    0.
 0.    0.    0.001 0.001 0.    0.    0.001 0.001 0.    0.    0.    0.
 0.    0.001 0.    0.    0.    0.001 0.001 0.    0.    0.    0.    0.
 0.    0.001 0.    0.    0.    0.    0.    0.    0.    0.001 0.    0.
 0.001 0.    0.    0.001 0.001 0.    0.    0.    0.    0.    0.    0.
 0.    0.    0.    0.    0.    0.    0.    0.    0.    0.    0.    0.
 0.    0.001 0.    0.    0.    0.    0.    0.    0.    0.    0.    0.
 0.001 0.    0.    0.    0.001 0.    0.002 0.    0.    0.    0.    0.
 0.    0.    0.    0.    0.    0.    0.    0.    0.    0.    0.    0.
 0.    0.    0.    0.    0.    0.001 0.    0.    0.    0.001 0.    0.001
 0.    0.    0.    0.001 0.    0.    0.    0.    0.    0.    0.    0.
 0.    0.    0.    0.    0.    0.    0.    0.    0.001 0.    0.    0.
 0.    0.    0.    0.    0.    0.    0.    0.    0.001 0.    0.    0.
 0.001 0.001 0.    0.    0.    0.    0.    0.    0.    0.    0.    0.
 0.    0.    0.    0.    0.001 0.001 0.    0.    0.001 0.    0.    0.001
 0.    0.    0.    0.    0.    0.    0.    0.    0.    0.    0.001 0.
 0.    0.    0.    0.    0.    0.    0.    0.    0.    0.    0.    0.001
 0.    0.    0.    0.    0.    0.    0.    0.001 0.    0.    0.    0.002
 0.001 0.    0.    0.    0.    0.001 0.    0.    0.    0.    0.    0.
 0.    0.    0.    0.    0.    0.    0.    0.    0.    0.    0.    0.
 0.    0.    0.    0.    0.    0.    0.    0.    0.001 0.    0.    0.
 0.001 0.    0.    0.    0.    0.001 0.    0.    0.    0.    0.    0.
 0.    0.    0.    0.001 0.    0.    0.    0.    0.    0.    0.    0.
 0.    0.    0.    0.    0.    0.    0.    0.    0.    0.    0.    0.
 0.    0.    0.    0.001 0.    0.    0.    0.    0.001 0.    0.    0.
 0.    0.    0.001 0.    0.    0.    0.    0.    0.    0.    0.001 0.
 0.    0.    0.001 0.    0.    0.    0.    0.    0.    0.    0.    0.
 0.    0.    0.    0.    0.    0.    0.    0.    0.    0.    0.    0.
 0.001 0.    0.    0.001 0.    0.    0.    0.    0.    0.    0.    0.
 0.    0.    0.    0.    0.    0.002 0.001 0.    0.    0.    0.    0.
 0.    0.    0.    0.    0.    0.    0.    0.    0.    0.    0.    0.001
 0.    0.    0.    0.001 0.    0.    0.    0.    0.    0.    0.    0.
 0.    0.    0.    0.    0.    0.    0.    0.    0.001 0.    0.001 0.
 0.    0.    0.    0.    0.    0.    0.    0.001 0.    0.    0.    0.
 0.    0.001 0.    0.    0.    0.    0.    0.001 0.    0.    0.    0.002
 0.001 0.    0.    0.    0.001 0.002 0.    0.    0.    0.    0.    0.
 0.    0.001 0.    0.001 0.    0.    0.    0.    0.    0.    0.    0.
 0.    0.    0.    0.    0.    0.001 0.    0.    0.    0.001 0.    0.
 0.    0.    0.    0.    0.    0.002 0.    0.    0.    0.    0.    0.
 0.    0.001 0.    0.    0.    0.    0.    0.    0.    0.    0.002 0.
 0.    0.    0.    0.001 0.    0.    0.    0.    0.    0.    0.    0.001
 0.    0.    0.    0.    0.    0.    0.    0.    0.    0.001 0.    0.
 0.    0.    0.001 0.    0.    0.    0.    0.001 0.    0.    0.    0.001
 0.    0.    0.    0.    0.    0.    0.    0.    0.    0.    0.    0.
 0.    0.    0.    0.001 0.    0.001 0.    0.    0.    0.    0.    0.
 0.001 0.    0.    0.    0.    0.001 0.    0.    0.    0.    0.    0.
 0.    0.002 0.    0.    0.    0.    0.001 0.    0.002 0.001 0.    0.
 0.    0.    0.001 0.    0.001 0.    0.    0.    0.    0.    0.    0.
 0.    0.    0.    0.    0.    0.    0.    0.    0.    0.    0.    0.
 0.    0.    0.    0.    0.    0.    0.    0.    0.    0.    0.    0.001
 0.001 0.    0.    0.    0.    0.001 0.    0.    0.    0.    0.    0.
 0.    0.002 0.    0.    0.    0.    0.    0.    0.001 0.    0.    0.
 0.    0.    0.    0.    0.001 0.001 0.    0.001 0.    0.    0.    0.
 0.    0.001 0.    0.001 0.    0.    0.001 0.002 0.    0.    0.    0.
 0.001 0.    0.001 0.002 0.    0.    0.    0.    0.    0.    0.    0.
 0.001 0.    0.    0.    0.    0.    0.001 0.002 0.001 0.    0.    0.
 0.    0.    0.    0.    0.    0.001 0.001 0.    0.    0.    0.    0.
 0.    0.001 0.001 0.    0.    0.001 0.    0.    0.    0.    0.    0.
 0.    0.    0.    0.    0.    0.    0.    0.    0.    0.    0.    0.
 0.    0.    0.    0.    0.    0.    0.    0.001 0.    0.    0.    0.
 0.    0.    0.    0.    0.    0.    0.    0.    0.    0.    0.    0.
 0.    0.001 0.    0.    0.    0.    0.    0.    0.    0.    0.    0.
 0.    0.001 0.001 0.    0.    0.    0.002 0.    0.    0.    0.    0.001
 0.    0.    0.001 0.    0.    0.    0.001 0.    0.002 0.    0.    0.
 0.    0.    0.    0.    0.    0.    0.001 0.    0.001 0.    0.    0.
 0.    0.    0.    0.    0.    0.    0.    0.    0.    0.    0.    0.
 0.001 0.    0.    0.    0.    0.    0.001 0.    0.001 0.    0.    0.001
 0.    0.    0.    0.001 0.    0.    0.    0.001 0.001 0.    0.001 0.001
 0.    0.002 0.    0.    0.    0.    0.    0.001 0.    0.    0.001 0.
 0.    0.001 0.001 0.    0.    0.    0.    0.    0.    0.    0.    0.
 0.    0.    0.    0.    0.    0.    0.    0.    0.    0.    0.    0.
 0.    0.    0.    0.    0.    0.    0.    0.    0.    0.    0.001 0.
 0.    0.    0.    0.    0.    0.001 0.    0.    0.    0.    0.    0.
 0.    0.    0.    0.    0.    0.001 0.    0.    0.    0.    0.    0.
 0.    0.001 0.    0.001 0.    0.    0.001 0.    0.    0.    0.    0.
 0.    0.    0.    0.    0.    0.    0.    0.    0.    0.    0.001 0.
 0.    0.    0.    0.    0.001 0.001 0.    0.    0.    0.    0.001 0.
 0.    0.    0.    0.    0.    0.    0.001 0.    0.    0.001 0.    0.001
 0.    0.    0.001 0.    0.    0.    0.001 0.    0.    0.    0.    0.
 0.    0.    0.    0.    0.    0.    0.    0.    0.    0.    0.    0.
 0.    0.001 0.    0.    0.    0.    0.    0.001 0.    0.    0.    0.
 0.    0.001 0.    0.    0.    0.    0.    0.    0.001 0.    0.    0.
 0.    0.001 0.    0.    0.    0.    0.    0.002 0.    0.    0.    0.
 0.    0.    0.    0.    0.    0.    0.    0.    0.    0.    0.    0.
 0.    0.001 0.    0.    0.    0.    0.    0.001 0.    0.001 0.    0.001
 0.    0.    0.    0.    0.    0.    0.    0.    0.    0.001 0.    0.
 0.    0.    0.    0.    0.    0.    0.001 0.    0.    0.    0.    0.001
 0.    0.001 0.    0.002 0.001 0.001 0.001 0.    0.001 0.    0.    0.
 0.    0.001 0.001 0.    0.    0.001 0.    0.    0.    0.    0.    0.
 0.    0.    0.    0.    0.    0.    0.    0.    0.001 0.    0.    0.001
 0.    0.002 0.    0.    0.    0.    0.    0.    0.    0.001 0.001 0.001
 0.    0.    0.    0.001 0.001 0.    0.    0.001 0.001 0.    0.    0.
 0.    0.    0.    0.    0.    0.    0.    0.    0.    0.    0.    0.
 0.    0.    0.    0.    0.    0.    0.    0.    0.    0.    0.    0.
 0.    0.    0.    0.    0.    0.001 0.    0.    0.    0.    0.    0.
 0.    0.001 0.    0.001 0.    0.    0.    0.    0.    0.    0.    0.001
 0.001 0.001 0.    0.002 0.    0.    0.    0.    0.    0.    0.001 0.
 0.    0.001 0.001 0.    0.    0.    0.    0.    0.    0.    0.    0.
 0.    0.    0.001 0.001 0.    0.002 0.    0.    0.    0.    0.001 0.002
 0.    0.    0.    0.    0.    0.    0.001 0.    0.001 0.    0.    0.
 0.    0.    0.    0.    0.    0.    0.    0.    0.    0.    0.    0.
 0.    0.001 0.    0.    0.    0.    0.    0.    0.001 0.    0.    0.
 0.    0.    0.002 0.    0.001 0.    0.    0.    0.    0.001 0.    0.001
 0.    0.    0.    0.    0.    0.    0.    0.002 0.    0.    0.001 0.
 0.001 0.    0.    0.    0.    0.    0.    0.    0.    0.    0.    0.
 0.    0.    0.    0.    0.    0.    0.    0.    0.001 0.001 0.    0.
 0.    0.    0.    0.001 0.001 0.001 0.    0.001 0.    0.    0.    0.
 0.    0.001 0.001 0.002 0.001 0.001 0.    0.001 0.    0.001 0.    0.
 0.002 0.    0.    0.    0.    0.001 0.    0.    0.    0.    0.    0.001
 0.    0.001 0.    0.    0.001 0.    0.    0.001 0.    0.    0.    0.
 0.    0.002 0.    0.002 0.    0.001 0.    0.    0.002 0.    0.    0.
 0.    0.    0.    0.001 0.001 0.    0.    0.001 0.    0.    0.    0.
 0.001 0.    0.001 0.    0.    0.001 0.    0.    0.001 0.    0.    0.
 0.    0.    0.    0.    0.001 0.    0.    0.    0.    0.    0.    0.
 0.    0.    0.    0.    0.    0.    0.    0.    0.    0.    0.    0.
 0.001 0.    0.    0.    0.    0.    0.    0.    0.    0.    0.    0.
 0.    0.    0.001 0.    0.    0.    0.    0.001 0.    0.    0.003 0.
 0.    0.001 0.    0.001 0.    0.    0.    0.001 0.    0.    0.    0.
 0.    0.    0.001 0.    0.    0.001 0.    0.    0.    0.001 0.    0.
 0.    0.    0.    0.    0.    0.    0.    0.    0.    0.    0.    0.
 0.001 0.001 0.    0.002 0.    0.    0.    0.001 0.    0.    0.    0.001
 0.    0.    0.    0.    0.001 0.    0.    0.    0.001 0.    0.    0.
 0.    0.    0.001 0.    0.    0.    0.    0.    0.002 0.001 0.    0.
 0.    0.    0.    0.    0.    0.    0.    0.    0.    0.    0.001 0.
 0.    0.    0.    0.    0.    0.    0.001 0.    0.    0.    0.    0.
 0.    0.    0.    0.    0.001 0.    0.    0.    0.    0.    0.    0.
 0.    0.001 0.    0.    0.    0.    0.    0.    0.    0.    0.    0.
 0.    0.002 0.    0.    0.002 0.001 0.001 0.002 0.    0.    0.    0.
 0.    0.    0.001 0.    0.    0.001 0.    0.001 0.    0.    0.    0.
 0.    0.001 0.001 0.001 0.001 0.    0.    0.    0.    0.    0.    0.
 0.    0.    0.001 0.    0.001 0.001 0.    0.001 0.001 0.    0.001 0.002
 0.    0.    0.    0.    0.    0.    0.    0.    0.    0.    0.    0.
 0.    0.    0.    0.001 0.002 0.    0.    0.    0.    0.    0.    0.
 0.    0.002 0.    0.    0.001 0.001 0.    0.    0.    0.    0.    0.
 0.    0.    0.    0.    0.    0.    0.    0.001 0.    0.    0.    0.
 0.    0.    0.    0.    0.    0.    0.    0.    0.    0.    0.    0.
 0.    0.    0.    0.    0.    0.    0.    0.    0.    0.    0.    0.
 0.    0.    0.    0.    0.    0.    0.    0.    0.    0.    0.001 0.
 0.001 0.    0.    0.001 0.001 0.    0.    0.    0.    0.    0.001 0.
 0.    0.    0.002 0.    0.    0.    0.    0.    0.002 0.    0.001 0.
 0.    0.    0.    0.    0.    0.001 0.    0.    0.    0.    0.    0.
 0.001 0.002 0.    0.    0.001 0.002 0.    0.001 0.    0.001 0.    0.
 0.    0.    0.    0.001 0.    0.    0.    0.    0.    0.    0.    0.001
 0.    0.    0.    0.    0.    0.    0.    0.    0.    0.    0.    0.
 0.    0.001 0.    0.    0.    0.001 0.    0.    0.    0.    0.    0.
 0.001 0.    0.    0.    0.001 0.    0.    0.001 0.    0.    0.    0.
 0.    0.    0.    0.    0.    0.    0.    0.    0.    0.    0.    0.001
 0.    0.    0.    0.    0.    0.    0.    0.    0.    0.    0.    0.001
 0.    0.    0.001 0.    0.    0.    0.    0.001 0.    0.    0.    0.001
 0.001 0.001 0.    0.002 0.    0.001 0.001 0.001 0.    0.    0.    0.001
 0.    0.002 0.    0.    0.    0.    0.001 0.    0.001 0.001 0.001 0.
 0.    0.    0.    0.    0.    0.001 0.    0.    0.    0.    0.002 0.
 0.    0.    0.    0.    0.    0.    0.    0.    0.001 0.    0.001 0.001
 0.    0.    0.001 0.    0.    0.    0.003 0.    0.    0.    0.    0.
 0.    0.    0.001 0.    0.001 0.002 0.    0.    0.    0.002 0.001 0.
 0.    0.    0.    0.    0.002 0.    0.    0.    0.    0.    0.    0.
 0.    0.    0.    0.    0.    0.    0.    0.001 0.    0.    0.    0.
 0.    0.    0.    0.001 0.    0.    0.    0.    0.    0.    0.    0.
 0.    0.    0.    0.    0.    0.    0.    0.    0.    0.    0.001 0.
 0.001 0.    0.    0.001 0.001 0.    0.    0.    0.    0.002 0.    0.001
 0.    0.    0.002 0.    0.    0.    0.    0.    0.    0.001 0.    0.
 0.    0.001 0.    0.002 0.001 0.    0.    0.    0.001 0.002 0.    0.
 0.    0.    0.001 0.    0.    0.    0.001 0.    0.001 0.    0.001 0.002
 0.    0.    0.    0.    0.    0.    0.    0.    0.001 0.    0.    0.
 0.001 0.    0.    0.    0.    0.    0.    0.    0.001 0.    0.001 0.002
 0.    0.    0.    0.    0.002 0.    0.    0.    0.    0.001 0.    0.
 0.    0.    0.    0.001 0.    0.    0.    0.    0.001 0.    0.    0.001
 0.    0.    0.    0.001 0.    0.    0.001 0.    0.    0.    0.    0.
 0.001 0.    0.    0.    0.    0.    0.    0.    0.    0.    0.    0.
 0.    0.    0.    0.    0.    0.    0.001 0.    0.    0.    0.001 0.
 0.001 0.    0.001 0.001 0.    0.002 0.001 0.    0.    0.    0.001 0.002
 0.    0.001 0.    0.001 0.    0.    0.    0.    0.    0.    0.002 0.
 0.    0.    0.    0.    0.001 0.001 0.    0.001 0.001 0.001 0.    0.
 0.    0.    0.    0.001 0.002 0.    0.    0.    0.    0.    0.    0.
 0.    0.    0.    0.    0.    0.    0.    0.    0.001 0.    0.    0.
 0.001 0.    0.    0.    0.001 0.    0.    0.    0.001 0.    0.    0.
 0.    0.    0.    0.    0.    0.    0.    0.    0.    0.    0.    0.001
 0.    0.    0.    0.    0.    0.    0.    0.    0.    0.001 0.    0.
 0.    0.    0.002 0.    0.    0.    0.001 0.001 0.001 0.    0.001 0.
 0.    0.001 0.    0.    0.001 0.    0.    0.001 0.    0.    0.    0.
 0.    0.    0.    0.002 0.    0.001 0.    0.    0.    0.001 0.003 0.001
 0.    0.    0.    0.    0.001 0.    0.    0.001 0.    0.    0.    0.002
 0.    0.    0.001 0.    0.    0.    0.    0.    0.    0.    0.    0.
 0.001 0.001 0.001 0.    0.    0.001 0.001 0.    0.    0.    0.    0.
 0.001 0.001 0.    0.002 0.    0.    0.    0.    0.    0.    0.002 0.002
 0.    0.    0.002 0.    0.001 0.001 0.    0.001 0.    0.    0.    0.001
 0.    0.    0.    0.    0.    0.    0.    0.    0.002 0.    0.    0.
 0.    0.    0.    0.    0.    0.    0.    0.    0.    0.    0.    0.
 0.    0.    0.    0.    0.002 0.    0.001 0.    0.001 0.001 0.    0.
 0.    0.    0.    0.001 0.    0.001 0.    0.002 0.    0.    0.    0.
 0.    0.    0.    0.001 0.    0.    0.    0.001 0.001 0.    0.    0.
 0.    0.    0.    0.    0.001 0.001 0.    0.003 0.001 0.    0.    0.
 0.001 0.    0.001 0.    0.    0.    0.001 0.    0.001 0.001 0.    0.
 0.001 0.001 0.    0.    0.    0.    0.    0.    0.    0.003 0.    0.002
 0.001 0.002 0.    0.001 0.001 0.    0.001 0.001 0.001 0.001 0.003 0.001
 0.    0.001 0.    0.002 0.003 0.001 0.003 0.002 0.    0.003 0.    0.
 0.001 0.    0.001 0.    0.002 0.    0.    0.    0.    0.    0.    0.
 0.    0.    0.    0.    0.    0.    0.    0.    0.    0.    0.    0.
 0.    0.    0.001 0.    0.    0.    0.    0.    0.    0.001 0.    0.
 0.    0.001 0.    0.    0.    0.001 0.001 0.    0.    0.001 0.    0.
 0.    0.001 0.    0.    0.    0.    0.001 0.    0.001 0.    0.    0.
 0.    0.001 0.001 0.    0.    0.002 0.    0.    0.    0.001 0.001 0.001
 0.001 0.    0.    0.    0.    0.001 0.001 0.    0.001 0.    0.001 0.001
 0.    0.    0.    0.    0.001 0.    0.    0.001 0.    0.    0.    0.001
 0.    0.001 0.001 0.    0.003 0.001 0.003 0.001 0.001 0.002 0.    0.
 0.001 0.    0.    0.    0.    0.001 0.001 0.001 0.001 0.001 0.001 0.
 0.    0.    0.001 0.    0.    0.002 0.    0.002 0.    0.001 0.    0.001
 0.    0.    0.    0.    0.    0.    0.001 0.    0.001 0.001 0.    0.
 0.    0.    0.001 0.001 0.    0.    0.    0.    0.    0.    0.    0.
 0.    0.    0.001 0.    0.    0.    0.    0.    0.    0.    0.    0.
 0.001 0.002 0.    0.001 0.001 0.    0.    0.001 0.    0.001 0.    0.
 0.    0.    0.    0.    0.002 0.    0.001 0.001 0.    0.    0.    0.
 0.    0.    0.002 0.    0.001 0.001 0.    0.    0.001 0.    0.    0.
 0.001 0.    0.002 0.001 0.001 0.001 0.    0.001 0.    0.    0.    0.
 0.    0.    0.    0.001 0.    0.    0.    0.001 0.    0.001 0.    0.
 0.    0.001 0.    0.    0.    0.    0.001 0.    0.002 0.001 0.002 0.
 0.    0.001 0.001 0.    0.001 0.002 0.    0.001 0.001 0.    0.    0.001
 0.001 0.001 0.    0.    0.    0.    0.    0.001 0.    0.    0.    0.
 0.    0.    0.    0.    0.    0.001 0.    0.001 0.    0.001 0.001 0.
 0.    0.    0.    0.    0.    0.    0.    0.    0.    0.    0.    0.
 0.001 0.001 0.    0.    0.    0.002 0.    0.    0.    0.001 0.001 0.
 0.    0.    0.001 0.001 0.001 0.001 0.001 0.    0.    0.    0.001 0.001
 0.002 0.    0.    0.001 0.    0.    0.    0.    0.    0.    0.001 0.
 0.    0.    0.002 0.    0.    0.    0.    0.    0.001 0.001 0.001 0.
 0.    0.    0.    0.    0.    0.    0.    0.    0.001 0.    0.    0.
 0.001 0.    0.    0.001 0.001 0.    0.    0.    0.001 0.002 0.001 0.
 0.    0.    0.    0.    0.    0.    0.    0.    0.002 0.001 0.001 0.002
 0.    0.001 0.    0.    0.002 0.    0.    0.    0.001 0.    0.    0.
 0.    0.001 0.002 0.    0.    0.    0.    0.    0.    0.001 0.    0.
 0.001 0.001 0.001 0.    0.    0.001 0.    0.    0.    0.    0.    0.
 0.    0.    0.    0.    0.    0.    0.    0.    0.    0.    0.    0.
 0.001 0.    0.    0.002 0.001 0.    0.    0.    0.    0.001 0.001 0.
 0.    0.001 0.    0.    0.    0.    0.    0.    0.    0.    0.001 0.
 0.002 0.001 0.    0.    0.    0.    0.    0.001 0.003 0.001 0.    0.002
 0.001 0.001 0.    0.001 0.    0.001 0.001 0.001 0.001 0.    0.    0.001
 0.001 0.001 0.001 0.    0.001 0.    0.001 0.    0.    0.    0.001 0.
 0.    0.    0.    0.001 0.    0.001 0.001 0.005 0.001 0.001 0.    0.
 0.    0.004 0.002 0.001 0.002 0.001 0.001 0.001 0.    0.001 0.002 0.002
 0.001 0.003 0.001 0.    0.    0.    0.001 0.001 0.    0.    0.    0.001
 0.001 0.    0.001 0.    0.    0.    0.    0.    0.    0.    0.    0.
 0.    0.001 0.    0.002 0.    0.    0.    0.    0.001 0.001 0.001 0.
 0.    0.    0.    0.    0.    0.    0.    0.    0.001 0.    0.001 0.
 0.    0.001 0.002 0.001 0.    0.001 0.    0.    0.    0.    0.    0.001
 0.    0.    0.001 0.    0.    0.    0.    0.    0.    0.    0.    0.
 0.    0.    0.    0.    0.002 0.    0.    0.    0.    0.    0.    0.
 0.    0.001 0.    0.003 0.    0.    0.001 0.003 0.001 0.    0.001 0.
 0.    0.    0.002 0.    0.001 0.001 0.    0.001 0.    0.    0.    0.
 0.003 0.002 0.002 0.    0.002 0.    0.002 0.002 0.001 0.    0.    0.003
 0.    0.001 0.001 0.    0.    0.    0.    0.    0.002 0.    0.    0.
 0.002 0.    0.    0.    0.001 0.    0.    0.    0.    0.    0.    0.001
 0.    0.    0.002 0.    0.    0.002 0.    0.    0.001 0.001 0.001 0.
 0.    0.    0.001 0.    0.    0.    0.001 0.002 0.    0.    0.    0.
 0.    0.    0.    0.001 0.    0.    0.001 0.    0.    0.001 0.    0.
 0.    0.    0.    0.    0.001 0.    0.001 0.001 0.003 0.    0.002 0.
 0.    0.    0.001 0.001 0.    0.    0.    0.    0.    0.    0.    0.
 0.    0.001 0.    0.    0.    0.    0.    0.    0.    0.    0.001 0.001
 0.    0.    0.002 0.001 0.    0.001 0.002 0.    0.001 0.    0.    0.001
 0.    0.    0.    0.    0.002 0.    0.    0.    0.    0.    0.    0.
 0.001 0.002 0.002 0.    0.002 0.    0.    0.003 0.002 0.001 0.    0.
 0.    0.    0.    0.001 0.    0.    0.001 0.001 0.001 0.001 0.    0.001
 0.001 0.    0.    0.002]

 used jobs: [(0, 0, 1, 2, 1, 3), (1, 0, 0, 2, 0, 1)]
 timesteps: 3
 one timestep in seconds: 10
 optimal parameters: [[0.5291213274445834, 0.5256080242191301], [0.526810563577648, 0.47134367091326573]]
 optimizer: AdamOptimizer
 executions/Zugriffe: 0

backend: Braket AwsDevice for PennyLane
Short name: braket.aws.qubit
Package: braket
Plugin version: 1.3.1.dev0
Author: Amazon Web Services
Wires: 12
Shots: 1000